307.01156905933163 2689.3654163607284
890.6328756248436 2676.983068979565
977.3093072929889 2632.406618407376
1050.7779017545597 2766.961459949354
1121.7700267398977 2760.3575413460662
1172.9503959153742 2769.4379294255864
1556.4070836925387 2935.3856482239394
1435.4964637996093 2220.923543721379
626.4478069266077 1578.8327017960892
2074.975158561538 2368.0717222891894
1785.9653603924937 1743.6954072639874
2123.6400032414904 1637.4093709273172
823.650691174812 1100.23150063465
1939.270906866633 1027.9806007731813
859.6648511987308 1062.5819069308911
1977.374127670994 706.279841349846
1830.2941117696457 1748.0995064900417
3259.871754195244 1052.339395334252
2859.143417653858 1784.940307333786
3819.430778615415 2544.160635050532
3557.9337627013983 1949.7493509770738
3892.2687067915845 1313.1423151031725
3917.649299512651 1279.3015248084173
3840.2989216960677 2525.367767447436
4325.136791343536 2437.203390368987
4400.1011936051555 1313.36707771866
4440.353480824893 1304.6974533762645
4378.151844006025 2425.6135509371697
5068.961662538318 1804.5690622189754
5094.956704858701 1815.2122901493228
4871.082293771636 3057.787743427054
5092.977227877226 1998.2092557260626
5001.798485198899 3108.4514637305883
5833.70888101022 2555.5939409013267
5953.836105340591 2737.6049834112296
4431.160415076348 3609.6043638587953
4838.4475438121435 3587.77322798016
4643.937592768705 2941.4551687402122
4886.916557962448 3138.1897875464306
4299.085085975411 3599.5012407283107
4889.923101839758 3732.9693493053887

