943.2134521830825 2836.950468320925
208.03169090180307 2662.4935123431474
306.780911266583 2682.2433564161033
575.3787906587844 1656.5681208939225
891.3762958260802 2673.0267625153906
413.43006926054534 1705.2844029405471
976.9589534755562 2632.210418097948
987.4922036477993 1416.9366794753896
1070.4415487542144 2846.8253903574027
1066.4915799396233 2463.678415342057
1050.6917046812584 2766.5093577940484
1124.424455886961 2762.5593889794573
1161.290831489812 2368.8791637918685
1174.457394205116 2774.409295423231
1477.2883366571077 2238.530192910359
1558.9210254919926 2933.7247042784093
1727.4530282478836 2375.46244514952
1339.039428146416 1919.8993752000022
1436.4719922396655 2218.780348837403
1349.5726783186592 949.523703082098
622.7784164338788 1576.252088330568
1317.9729278019295 1736.8841534572766
2076.3669402034393 2366.2458512488074
1367.7000715223892 979.5954979040027
1786.6453990067869 1745.996552781468
1383.4085532030667 935.4399863755287
2124.8829023822095 1638.7652862855557
1380.0089468321844 700.5352507590713
823.3917932768248 1100.7698407485934
1382.6847827622066 745.192506700465
1939.357859301916 1030.1297610908578
990.3192235838967 447.6675029948836
859.9667037850697 1060.8477091041327
1966.6402510611792 215.0894312162451
1976.8324304610783 708.1311354769283
1829.3665234306427 1746.2167429493727
2824.313787236008 1821.7379857589553
3262.841293730806 1062.3506374990131
2955.248437549398 1449.0902747267749
2862.521193033287 1784.5966298593967
2938.964448931934 2018.6445981312568
3818.934726834863 2549.3023501774487
3260.1291007824566 1088.9710214911697
3558.64481656648 1953.1924455819542
3288.835881926288 1069.800348161877
3892.1706263538326 1318.289135135106
3855.3168342817307 787.8178856124308
3919.531775013423 1280.3185614850622
3843.395730069412 2532.117465348463
4297.351734761572 2470.564360305137
4761.691987792276 1269.6728263748175
4326.764154846839 2440.7827690023314
4228.389817268136 906.1045848912452
4402.132179906009 1313.3049426504592
4904.061486440412 469.0933969795432
4439.534223471947 1305.4779343639234
4826.356742602114 2571.151747665107
4378.259671452468 2424.8625905544604
5583.930289941039 957.8546773983664
5070.434120403089 1806.1061249245734
5459.241626763761 1615.080636017513
5096.23177485356 1815.3195729425986
5095.850829489508 1886.8962094062065
4871.926636052538 3058.676225664733
5261.32277564731 2198.5045251870542
5093.805538955939 1996.3670595794663
5654.503930351332 1599.9788320502473
5287.80869923392 2210.5233207113984
5000.963350939396 3112.2127667421532
5816.11709444974 1464.7455210277485
5834.849150003146 2553.3858771198584
6448.636780206888 1360.6078196515514
5952.97000779419 2739.4718467935622
4828.828344346757 3123.5141036624113
4431.066601114597 3610.871346493003
4961.487096975576 3128.9348486975655
4839.148751391877 3588.845807613876
4874.568862114814 2661.2478790896484
4644.973031938812 2940.424204154156
4293.977828156459 3588.870915502243
4916.125733251511 3697.603729401904
5046.70101733434 1882.06883713587
4724.1634593554345 3059.2522151151393