42
283
0 8
0 1
0 2
0 3
0 4
0 5
1 0
1 8
1 2
1 3
1 4
1 5
2 1
2 3
2 4
2 5
2 8
2 10
2 16
2 7
2 6
2 9
3 1
3 4
3 5
3 2
4 3
4 5
4 2
4 1
5 4
5 3
5 7
5 6
5 9
6 9
7 9
7 6
7 5
7 3
7 4
8 10
8 16
8 9
8 1
8 2
8 3
8 4
8 5
8 12
8 11
8 13
8 14
8 7
9 7
9 6
9 2
9 1
9 3
9 4
9 5
10 11
10 16
10 8
10 1
10 2
10 3
10 4
10 5
10 6
10 9
10 13
10 12
10 14
11 16
11 8
11 1
11 2
11 3
11 4
11 5
11 6
11 9
11 13
11 12
11 14
12 16
12 8
12 1
12 2
12 3
12 4
12 5
12 6
12 9
12 13
12 14
12 15
13 16
13 8
13 1
13 2
13 3
13 4
13 5
13 6
13 9
13 13
13 12
13 14
13 15
14 12
14 8
15 13
15 11
15 9
16 10
16 9
16 18
16 20
16 23
16 19
17 21
17 20
17 22
17 19
17 23
18 20
18 23
18 19
19 16
19 18
19 23
19 20
20 21
20 22
20 19
20 23
20 17
21 22
21 20
21 19
21 23
21 17
22 21
22 20
22 19
22 23
23 19
23 24
23 27
24 25
24 26
24 23
24 27
24 28
24 29
24 30
24 31
24 41
25 22
25 21
25 20
25 19
25 23
25 26
25 24
25 27
26 25
26 24
26 23
26 28
26 29
26 30
26 27
26 31
27 37
27 30
27 32
27 35
27 36
27 38
28 24
28 23
28 27
28 29
28 30
28 31
28 32
28 33
28 34
28 36
28 35
28 41
28 38
29 30
29 28
29 31
29 24
29 23
29 27
29 41
30 31
30 29
30 28
30 27
30 24
30 23
30 35
30 32
30 36
30 41
30 38
31 30
31 32
31 37
31 36
31 35
31 33
31 34
31 38
32 29
32 28
32 31
32 30
32 27
32 24
32 23
32 37
32 33
32 34
32 35
32 36
32 41
32 38
33 34
33 32
33 29
33 24
33 23
33 27
33 31
33 30
33 35
33 36
33 37
33 28
33 41
33 38
34 33
34 36
34 35
34 32
34 30
34 38
35 38
35 39
35 30
35 32
35 36
36 35
36 30
36 32
36 40
36 38
37 30
37 32
37 35
37 36
37 38
38 35
38 36
38 32
38 30
39 35
40 36
41 30
41 27
41 29
41 28
41 31
41 24
41 23
