83
486
0 4
0 6
0 10
0 13
0 11
0 8
1 2
2 3
2 1
3 0
3 20
3 4
3 6
3 10
3 11
3 13
3 2
3 1
3 2
3 8
4 5
4 6
4 10
4 11
4 13
4 0
4 8
5 2
5 20
5 6
5 10
5 11
5 13
5 4
5 8
5 4
5 0
6 7
6 4
6 10
6 11
6 13
6 8
6 0
7 4
7 10
7 11
7 13
7 20
7 24
7 35
7 18
7 15
7 22
7 8
7 6
7 0
8 13
8 11
8 10
9 4
9 11
9 13
9 6
9 0
9 8
9 10
9 0
10 11
10 8
10 13
10 9
11 10
11 13
11 8
11 12
12 10
12 13
12 6
12 4
12 8
12 11
12 0
13 8
13 11
13 10
13 14
14 11
14 10
14 18
14 15
14 22
14 13
14 8
15 16
16 22
17 22
17 15
17 13
17 10
17 11
17 8
18 22
18 15
18 13
18 10
18 11
18 8
19 24
19 35
19 22
19 4
19 6
19 10
19 11
19 13
19 28
19 26
19 30
19 32
19 18
19 8
19 0
19 20
20 19
21 18
21 15
21 6
21 4
21 10
21 11
21 13
21 0
21 8
21 22
21 35
22 21
23 24
23 26
23 35
23 20
23 4
23 6
23 10
23 11
23 13
23 15
23 22
23 30
23 28
23 32
23 0
23 8
24 23
24 22
24 35
25 35
25 20
25 4
25 6
25 10
25 11
25 13
25 15
25 22
25 30
25 28
25 32
25 0
25 8
25 26
26 25
26 22
27 35
27 20
27 4
27 6
27 10
27 11
27 13
27 15
27 22
27 30
27 32
27 34
27 28
27 0
27 8
28 27
28 32
28 20
29 35
29 20
29 4
29 6
29 10
29 11
29 13
29 15
29 22
29 30
29 28
29 32
29 34
29 30
29 0
29 8
30 29
30 26
31 28
31 20
31 32
32 31
32 28
33 30
33 26
33 22
35 34
34 33
34 30
34 26
34 22
34 33
35 24
35 22
35 36
36 35
36 39
36 43
36 48
36 41
37 45
37 43
37 47
37 41
37 49
38 43
38 48
38 41
38 39
39 38
39 36
39 41
39 48
39 43
40 36
40 39
40 48
40 43
40 41
41 40
41 48
42 45
42 47
42 41
42 48
42 37
42 43
43 42
43 41
43 48
44 47
44 43
44 41
44 49
44 37
44 45
45 44
45 47
45 43
45 41
45 48
46 45
46 43
46 43
46 48
46 47
47 45
47 43
47 41
47 48
47 46
48 41
48 49
49 51
49 57
49 48
50 53
50 55
50 49
50 57
50 59
50 61
50 62
50 65
50 81
50 51
51 50
51 57
51 49
52 47
52 45
52 43
52 41
52 49
52 55
52 51
52 57
53 52
53 55
53 49
53 51
53 57
54 53
54 51
54 49
54 59
54 61
54 62
54 57
54 65
54 55
55 54
55 53
55 51
55 57
55 49
56 78
56 63
56 68
56 73
56 75
56 82
56 t7
57 56
57 51
57 49
58 51
58 49
58 57
58 61
58 62
58 65
58 68
58 70
58 72
58 76
58 74
58 81
58 82
58 59
59 60
59 58
59 62
59 51
59 49
59 57
60 62
60 59
60 65
60 51
60 49
60 57
60 81
60 61
61 62
61 59
61 51
61 57
61 49
61 60
62 65
62 61
62 59
62 57
62 51
62 49
62 73
62 68
62 75
62 81
62 82
62 63
63 62
63 75
63 73
63 68
63 82
64 63
64 68
64 78
64 75
64 73
64 70
64 72
64 82
65 64
66 61
66 59
66 65
66 62
66 63
66 51
66 49
66 78
66 70
66 72
66 73
66 75
66 81
67 66
67 63
67 78
67 70
67 72
67 73
67 75
68 67
68 73
68 75
69 72
69 67
69 68
69 61
69 51
69 49
69 57
69 65
69 62
69 63
69 73
69 75
69 78
69 59
69 81
70 69
70 72
70 63
70 68
70 73
70 75
71 70
71 75
71 73
71 68
71 63
71 82
72 71
72 63
72 68
72 73
72 75
73 82
73 63
73 68
73 75
73 74
74 73
74 79
75 73
75 63
75 68
75 82
75 76
76 75
76 80
77 63
77 68
77 73
77 75
77 82
77 78
78 77
79 74
80 76
81 62
81 57 
81 61
81 59
81 65
81 51
81 49
82 63
82 73
82 70
82 75